{"V": [0, 1, 2, 3, 4, 5, 6, 7, 8, 9, 10, 11, 12, 13, 14, 15, 16, 17, 18, 19, 20, 21, 22, 23, 24, 25, 26, 27, 28, 29, 30, 31, 32, 33, 34, 35, 36, 37, 38, 39, 40, 41, 42, 43, 44, 45, 46, 47, 48, 49], "PHOSP": [13, 14, 15, 16, 17, 18, 19, 20, 21, 22, 23, 24], "DHOSP": [25, 26, 27, 28, 29, 30, 31, 32, 33, 34, 35, 36], "HOSP": [13, 14, 15, 16, 17, 18, 19, 20, 21, 22, 23, 24, 25, 26, 27, 28, 29, 30, 31, 32, 33, 34, 35, 36], "PHOME": [1, 2, 3, 4, 5, 6, 7, 8, 9, 10, 11, 12], "DHOME": [37, 38, 39, 40, 41, 42, 43, 44, 45, 46, 47, 48], "HOME": [1, 2, 3, 4, 5, 6, 7, 8, 9, 10, 11, 12, 37, 38, 39, 40, 41, 42, 43, 44, 45, 46, 47, 48], "P": [1, 2, 3, 4, 5, 6, 7, 8, 9, 10, 11, 12, 13, 14, 15, 16, 17, 18, 19, 20, 21, 22, 23, 24], "D": [25, 26, 27, 28, 29, 30, 31, 32, 33, 34, 35, 36, 37, 38, 39, 40, 41, 42, 43, 44, 45, 46, 47, 48], "PD": [1, 2, 3, 4, 5, 6, 7, 8, 9, 10, 11, 12, 13, 14, 15, 16, 17, 18, 19, 20, 21, 22, 23, 24, 25, 26, 27, 28, 29, 30, 31, 32, 33, 34, 35, 36, 37, 38, 39, 40, 41, 42, 43, 44, 45, 46, 47, 48], "n": 24, "Q": 7, "q": [0.0, 0.0, 0.0, 0.0, 0.0, 0.0, 0.0, 0.0, 0.0, 0.0, 0.0, 1.0, 0.0, 0.0, 0.0, 0.0, 0.0, 0.0, 0.0, 0.0, 0.0, 0.0, 0.0, 0.0, 0.0, 0.0, 0.0, 0.0, 0.0, 0.0, 0.0, 0.0, 0.0, 0.0, 0.0, 0.0, 0.0, 0.0, 0.0, 0.0, 0.0, 0.0, 0.0, 0.0, 0.0, 0.0, 0.0, 0.0, 0.0, 0.0], "t": [[0.0, 0.0, 0.0, 0.0, 0.0, 0.0, 0.0, 0.0, 0.0, 0.0, 0.0, 0.0, 0.0, 0.0, 0.0, 0.0, 0.0, 0.0, 0.0, 0.0, 0.0, 0.0, 0.0, 0.0, 0.0, 0.0, 0.0, 0.0, 0.0, 0.0, 0.0, 0.0, 0.0, 0.0, 0.0, 0.0, 0.0, 0.0, 0.0, 0.0, 0.0, 0.0, 0.0, 0.0, 0.0, 0.0, 0.0, 0.0, 0.0, 0.0], [0.0, 0.0, 0.8166666666666667, 0.7833333333333333, 1.2666666666666666, 0.7666666666666667, 0.8166666666666667, 1.2666666666666666, 1.1, 10.0, 0.95, 1.1, 1.2666666666666666, 72.7, 1.2666666666666666, 1.2666666666666666, 1.2666666666666666, 1.2666666666666666, 72.7, 72.7, 72.7, 72.7, 1.2666666666666666, 72.7, 72.7, 72.7, 1.2666666666666666, 1.2666666666666666, 1.2666666666666666, 1.2666666666666666, 72.7, 72.7, 72.7, 72.7, 1.2666666666666666, 72.7, 72.7, 0.0, 0.8166666666666667, 0.7833333333333333, 1.2666666666666666, 0.7666666666666667, 0.8166666666666667, 1.2666666666666666, 1.1, 10.0, 0.95, 1.1, 1.2666666666666666, 0.0], [0.0, 0.8166666666666667, 0.0, 1.6, 2.1, 1.6, 0.0, 2.1, 1.9166666666666667, 9.166666666666666, 0.11666666666666667, 1.9166666666666667, 2.1, 71.86666666666666, 2.1, 2.1, 2.1, 2.1, 71.86666666666666, 71.86666666666666, 71.86666666666666, 71.86666666666666, 2.1, 71.86666666666666, 71.86666666666666, 71.86666666666666, 2.1, 2.1, 2.1, 2.1, 71.86666666666666, 71.86666666666666, 71.86666666666666, 71.86666666666666, 2.1, 71.86666666666666, 71.86666666666666, 0.8166666666666667, 0.0, 1.6, 2.1, 1.6, 0.0, 2.1, 1.9166666666666667, 9.166666666666666, 0.11666666666666667, 1.9166666666666667, 2.1, 0.0], [0.0, 0.7833333333333333, 1.6, 0.0, 0.48333333333333334, 0.0, 1.6, 0.48333333333333334, 0.31666666666666665, 10.783333333333333, 1.7333333333333334, 0.31666666666666665, 0.48333333333333334, 73.48333333333333, 0.48333333333333334, 0.48333333333333334, 0.48333333333333334, 0.48333333333333334, 73.48333333333333, 73.48333333333333, 73.48333333333333, 73.48333333333333, 0.48333333333333334, 73.48333333333333, 73.48333333333333, 73.48333333333333, 0.48333333333333334, 0.48333333333333334, 0.48333333333333334, 0.48333333333333334, 73.48333333333333, 73.48333333333333, 73.48333333333333, 73.48333333333333, 0.48333333333333334, 73.48333333333333, 73.48333333333333, 0.7833333333333333, 1.6, 0.0, 0.48333333333333334, 0.0, 1.6, 0.48333333333333334, 0.31666666666666665, 10.783333333333333, 1.7333333333333334, 0.31666666666666665, 0.48333333333333334, 0.0], [0.0, 1.2666666666666666, 2.1, 0.48333333333333334, 0.0, 0.48333333333333334, 2.1, 0.0, 0.16666666666666666, 11.266666666666667, 2.216666666666667, 0.16666666666666666, 0.0, 73.96666666666667, 0.0, 0.0, 0.0, 0.0, 73.96666666666667, 73.96666666666667, 73.96666666666667, 73.96666666666667, 0.0, 73.96666666666667, 73.96666666666667, 73.96666666666667, 0.0, 0.0, 0.0, 0.0, 73.96666666666667, 73.96666666666667, 73.96666666666667, 73.96666666666667, 0.0, 73.96666666666667, 73.96666666666667, 1.2666666666666666, 2.1, 0.48333333333333334, 0.0, 0.48333333333333334, 2.1, 0.0, 0.16666666666666666, 11.266666666666667, 2.216666666666667, 0.16666666666666666, 0.0, 0.0], [0.0, 0.7666666666666667, 1.6, 0.0, 0.48333333333333334, 0.0, 1.6, 0.48333333333333334, 0.31666666666666665, 10.783333333333333, 1.7333333333333334, 0.31666666666666665, 0.48333333333333334, 73.48333333333333, 0.48333333333333334, 0.48333333333333334, 0.48333333333333334, 0.48333333333333334, 73.48333333333333, 73.48333333333333, 73.48333333333333, 73.48333333333333, 0.48333333333333334, 73.48333333333333, 73.48333333333333, 73.48333333333333, 0.48333333333333334, 0.48333333333333334, 0.48333333333333334, 0.48333333333333334, 73.48333333333333, 73.48333333333333, 73.48333333333333, 73.48333333333333, 0.48333333333333334, 73.48333333333333, 73.48333333333333, 0.7666666666666667, 1.6, 0.0, 0.48333333333333334, 0.0, 1.6, 0.48333333333333334, 0.31666666666666665, 10.783333333333333, 1.7333333333333334, 0.31666666666666665, 0.48333333333333334, 0.0], [0.0, 0.8166666666666667, 0.0, 1.6, 2.1, 1.6, 0.0, 2.1, 1.9166666666666667, 9.166666666666666, 0.11666666666666667, 1.9166666666666667, 2.1, 71.86666666666666, 2.1, 2.1, 2.1, 2.1, 71.86666666666666, 71.86666666666666, 71.86666666666666, 71.86666666666666, 2.1, 71.86666666666666, 71.86666666666666, 71.86666666666666, 2.1, 2.1, 2.1, 2.1, 71.86666666666666, 71.86666666666666, 71.86666666666666, 71.86666666666666, 2.1, 71.86666666666666, 71.86666666666666, 0.8166666666666667, 0.0, 1.6, 2.1, 1.6, 0.0, 2.1, 1.9166666666666667, 9.166666666666666, 0.11666666666666667, 1.9166666666666667, 2.1, 0.0], [0.0, 1.2666666666666666, 2.1, 0.48333333333333334, 0.0, 0.48333333333333334, 2.1, 0.0, 0.16666666666666666, 11.266666666666667, 2.216666666666667, 0.16666666666666666, 0.0, 73.96666666666667, 0.0, 0.0, 0.0, 0.0, 73.96666666666667, 73.96666666666667, 73.96666666666667, 73.96666666666667, 0.0, 73.96666666666667, 73.96666666666667, 73.96666666666667, 0.0, 0.0, 0.0, 0.0, 73.96666666666667, 73.96666666666667, 73.96666666666667, 73.96666666666667, 0.0, 73.96666666666667, 73.96666666666667, 1.2666666666666666, 2.1, 0.48333333333333334, 0.0, 0.48333333333333334, 2.1, 0.0, 0.16666666666666666, 11.266666666666667, 2.216666666666667, 0.16666666666666666, 0.0, 0.0], [0.0, 1.1, 1.9166666666666667, 0.31666666666666665, 0.16666666666666666, 0.31666666666666665, 1.9166666666666667, 0.16666666666666666, 0.0, 11.1, 2.05, 0.0, 0.16666666666666666, 73.8, 0.16666666666666666, 0.16666666666666666, 0.16666666666666666, 0.16666666666666666, 73.8, 73.8, 73.8, 73.8, 0.16666666666666666, 73.8, 73.8, 73.8, 0.16666666666666666, 0.16666666666666666, 0.16666666666666666, 0.16666666666666666, 73.8, 73.8, 73.8, 73.8, 0.16666666666666666, 73.8, 73.8, 1.1, 1.9166666666666667, 0.31666666666666665, 0.16666666666666666, 0.31666666666666665, 1.9166666666666667, 0.16666666666666666, 0.0, 11.1, 2.05, 0.0, 0.16666666666666666, 0.0], [0.0, 10.0, 9.166666666666666, 10.783333333333333, 11.266666666666667, 10.783333333333333, 9.166666666666666, 11.266666666666667, 11.1, 0.0, 9.033333333333333, 11.1, 11.266666666666667, 62.68333333333333, 11.266666666666667, 11.266666666666667, 11.266666666666667, 11.266666666666667, 62.68333333333333, 62.68333333333333, 62.68333333333333, 62.68333333333333, 11.266666666666667, 62.68333333333333, 62.68333333333333, 62.68333333333333, 11.266666666666667, 11.266666666666667, 11.266666666666667, 11.266666666666667, 62.68333333333333, 62.68333333333333, 62.68333333333333, 62.68333333333333, 11.266666666666667, 62.68333333333333, 62.68333333333333, 10.0, 9.166666666666666, 10.783333333333333, 11.266666666666667, 10.783333333333333, 9.166666666666666, 11.266666666666667, 11.1, 0.0, 9.033333333333333, 11.1, 11.266666666666667, 0.0], [0.0, 0.95, 0.11666666666666667, 1.7333333333333334, 2.216666666666667, 1.7333333333333334, 0.11666666666666667, 2.216666666666667, 2.05, 9.033333333333333, 0.0, 2.05, 2.216666666666667, 71.73333333333333, 2.216666666666667, 2.216666666666667, 2.216666666666667, 2.216666666666667, 71.73333333333333, 71.73333333333333, 71.73333333333333, 71.73333333333333, 2.216666666666667, 71.73333333333333, 71.73333333333333, 71.73333333333333, 2.216666666666667, 2.216666666666667, 2.216666666666667, 2.216666666666667, 71.73333333333333, 71.73333333333333, 71.73333333333333, 71.73333333333333, 2.216666666666667, 71.73333333333333, 71.73333333333333, 0.95, 0.11666666666666667, 1.7333333333333334, 2.216666666666667, 1.7333333333333334, 0.11666666666666667, 2.216666666666667, 2.05, 9.033333333333333, 0.0, 2.05, 2.216666666666667, 0.0], [0.0, 1.1, 1.9166666666666667, 0.31666666666666665, 0.16666666666666666, 0.31666666666666665, 1.9166666666666667, 0.16666666666666666, 0.0, 11.1, 2.05, 0.0, 0.16666666666666666, 73.8, 0.16666666666666666, 0.16666666666666666, 0.16666666666666666, 0.16666666666666666, 73.8, 73.8, 73.8, 73.8, 0.16666666666666666, 73.8, 73.8, 73.8, 0.16666666666666666, 0.16666666666666666, 0.16666666666666666, 0.16666666666666666, 73.8, 73.8, 73.8, 73.8, 0.16666666666666666, 73.8, 73.8, 1.1, 1.9166666666666667, 0.31666666666666665, 0.16666666666666666, 0.31666666666666665, 1.9166666666666667, 0.16666666666666666, 0.0, 11.1, 2.05, 0.0, 0.16666666666666666, 0.0], [0.0, 1.2666666666666666, 2.1, 0.48333333333333334, 0.0, 0.48333333333333334, 2.1, 0.0, 0.16666666666666666, 11.266666666666667, 2.216666666666667, 0.16666666666666666, 0.0, 73.96666666666667, 0.0, 0.0, 0.0, 0.0, 73.96666666666667, 73.96666666666667, 73.96666666666667, 73.96666666666667, 0.0, 73.96666666666667, 73.96666666666667, 73.96666666666667, 0.0, 0.0, 0.0, 0.0, 73.96666666666667, 73.96666666666667, 73.96666666666667, 73.96666666666667, 0.0, 73.96666666666667, 73.96666666666667, 1.2666666666666666, 2.1, 0.48333333333333334, 0.0, 0.48333333333333334, 2.1, 0.0, 0.16666666666666666, 11.266666666666667, 2.216666666666667, 0.16666666666666666, 0.0, 0.0], [0.0, 72.66666666666667, 71.85, 73.46666666666667, 73.95, 73.45, 71.85, 73.95, 73.78333333333333, 62.666666666666664, 71.71666666666667, 73.78333333333333, 73.95, 0.0, 73.95, 73.95, 73.95, 73.95, 0.0, 0.0, 0.0, 0.0, 73.95, 0.0, 0.0, 0.0, 73.95, 73.95, 73.95, 73.95, 0.0, 0.0, 0.0, 0.0, 73.95, 0.0, 0.0, 72.66666666666667, 71.85, 73.46666666666667, 73.95, 73.45, 71.85, 73.95, 73.78333333333333, 62.666666666666664, 71.71666666666667, 73.78333333333333, 73.95, 0.0], [0.0, 1.2666666666666666, 2.1, 0.48333333333333334, 0.0, 0.48333333333333334, 2.1, 0.0, 0.16666666666666666, 11.266666666666667, 2.216666666666667, 0.16666666666666666, 0.0, 73.96666666666667, 0.0, 0.0, 0.0, 0.0, 73.96666666666667, 73.96666666666667, 73.96666666666667, 73.96666666666667, 0.0, 73.96666666666667, 73.96666666666667, 73.96666666666667, 0.0, 0.0, 0.0, 0.0, 73.96666666666667, 73.96666666666667, 73.96666666666667, 73.96666666666667, 0.0, 73.96666666666667, 73.96666666666667, 1.2666666666666666, 2.1, 0.48333333333333334, 0.0, 0.48333333333333334, 2.1, 0.0, 0.16666666666666666, 11.266666666666667, 2.216666666666667, 0.16666666666666666, 0.0, 0.0], [0.0, 1.2666666666666666, 2.1, 0.48333333333333334, 0.0, 0.48333333333333334, 2.1, 0.0, 0.16666666666666666, 11.266666666666667, 2.216666666666667, 0.16666666666666666, 0.0, 73.96666666666667, 0.0, 0.0, 0.0, 0.0, 73.96666666666667, 73.96666666666667, 73.96666666666667, 73.96666666666667, 0.0, 73.96666666666667, 73.96666666666667, 73.96666666666667, 0.0, 0.0, 0.0, 0.0, 73.96666666666667, 73.96666666666667, 73.96666666666667, 73.96666666666667, 0.0, 73.96666666666667, 73.96666666666667, 1.2666666666666666, 2.1, 0.48333333333333334, 0.0, 0.48333333333333334, 2.1, 0.0, 0.16666666666666666, 11.266666666666667, 2.216666666666667, 0.16666666666666666, 0.0, 0.0], [0.0, 1.2666666666666666, 2.1, 0.48333333333333334, 0.0, 0.48333333333333334, 2.1, 0.0, 0.16666666666666666, 11.266666666666667, 2.216666666666667, 0.16666666666666666, 0.0, 73.96666666666667, 0.0, 0.0, 0.0, 0.0, 73.96666666666667, 73.96666666666667, 73.96666666666667, 73.96666666666667, 0.0, 73.96666666666667, 73.96666666666667, 73.96666666666667, 0.0, 0.0, 0.0, 0.0, 73.96666666666667, 73.96666666666667, 73.96666666666667, 73.96666666666667, 0.0, 73.96666666666667, 73.96666666666667, 1.2666666666666666, 2.1, 0.48333333333333334, 0.0, 0.48333333333333334, 2.1, 0.0, 0.16666666666666666, 11.266666666666667, 2.216666666666667, 0.16666666666666666, 0.0, 0.0], [0.0, 1.2666666666666666, 2.1, 0.48333333333333334, 0.0, 0.48333333333333334, 2.1, 0.0, 0.16666666666666666, 11.266666666666667, 2.216666666666667, 0.16666666666666666, 0.0, 73.96666666666667, 0.0, 0.0, 0.0, 0.0, 73.96666666666667, 73.96666666666667, 73.96666666666667, 73.96666666666667, 0.0, 73.96666666666667, 73.96666666666667, 73.96666666666667, 0.0, 0.0, 0.0, 0.0, 73.96666666666667, 73.96666666666667, 73.96666666666667, 73.96666666666667, 0.0, 73.96666666666667, 73.96666666666667, 1.2666666666666666, 2.1, 0.48333333333333334, 0.0, 0.48333333333333334, 2.1, 0.0, 0.16666666666666666, 11.266666666666667, 2.216666666666667, 0.16666666666666666, 0.0, 0.0], [0.0, 72.66666666666667, 71.85, 73.46666666666667, 73.95, 73.45, 71.85, 73.95, 73.78333333333333, 62.666666666666664, 71.71666666666667, 73.78333333333333, 73.95, 0.0, 73.95, 73.95, 73.95, 73.95, 0.0, 0.0, 0.0, 0.0, 73.95, 0.0, 0.0, 0.0, 73.95, 73.95, 73.95, 73.95, 0.0, 0.0, 0.0, 0.0, 73.95, 0.0, 0.0, 72.66666666666667, 71.85, 73.46666666666667, 73.95, 73.45, 71.85, 73.95, 73.78333333333333, 62.666666666666664, 71.71666666666667, 73.78333333333333, 73.95, 0.0], [0.0, 72.66666666666667, 71.85, 73.46666666666667, 73.95, 73.45, 71.85, 73.95, 73.78333333333333, 62.666666666666664, 71.71666666666667, 73.78333333333333, 73.95, 0.0, 73.95, 73.95, 73.95, 73.95, 0.0, 0.0, 0.0, 0.0, 73.95, 0.0, 0.0, 0.0, 73.95, 73.95, 73.95, 73.95, 0.0, 0.0, 0.0, 0.0, 73.95, 0.0, 0.0, 72.66666666666667, 71.85, 73.46666666666667, 73.95, 73.45, 71.85, 73.95, 73.78333333333333, 62.666666666666664, 71.71666666666667, 73.78333333333333, 73.95, 0.0], [0.0, 72.66666666666667, 71.85, 73.46666666666667, 73.95, 73.45, 71.85, 73.95, 73.78333333333333, 62.666666666666664, 71.71666666666667, 73.78333333333333, 73.95, 0.0, 73.95, 73.95, 73.95, 73.95, 0.0, 0.0, 0.0, 0.0, 73.95, 0.0, 0.0, 0.0, 73.95, 73.95, 73.95, 73.95, 0.0, 0.0, 0.0, 0.0, 73.95, 0.0, 0.0, 72.66666666666667, 71.85, 73.46666666666667, 73.95, 73.45, 71.85, 73.95, 73.78333333333333, 62.666666666666664, 71.71666666666667, 73.78333333333333, 73.95, 0.0], [0.0, 72.66666666666667, 71.85, 73.46666666666667, 73.95, 73.45, 71.85, 73.95, 73.78333333333333, 62.666666666666664, 71.71666666666667, 73.78333333333333, 73.95, 0.0, 73.95, 73.95, 73.95, 73.95, 0.0, 0.0, 0.0, 0.0, 73.95, 0.0, 0.0, 0.0, 73.95, 73.95, 73.95, 73.95, 0.0, 0.0, 0.0, 0.0, 73.95, 0.0, 0.0, 72.66666666666667, 71.85, 73.46666666666667, 73.95, 73.45, 71.85, 73.95, 73.78333333333333, 62.666666666666664, 71.71666666666667, 73.78333333333333, 73.95, 0.0], [0.0, 1.2666666666666666, 2.1, 0.48333333333333334, 0.0, 0.48333333333333334, 2.1, 0.0, 0.16666666666666666, 11.266666666666667, 2.216666666666667, 0.16666666666666666, 0.0, 73.96666666666667, 0.0, 0.0, 0.0, 0.0, 73.96666666666667, 73.96666666666667, 73.96666666666667, 73.96666666666667, 0.0, 73.96666666666667, 73.96666666666667, 73.96666666666667, 0.0, 0.0, 0.0, 0.0, 73.96666666666667, 73.96666666666667, 73.96666666666667, 73.96666666666667, 0.0, 73.96666666666667, 73.96666666666667, 1.2666666666666666, 2.1, 0.48333333333333334, 0.0, 0.48333333333333334, 2.1, 0.0, 0.16666666666666666, 11.266666666666667, 2.216666666666667, 0.16666666666666666, 0.0, 0.0], [0.0, 72.66666666666667, 71.85, 73.46666666666667, 73.95, 73.45, 71.85, 73.95, 73.78333333333333, 62.666666666666664, 71.71666666666667, 73.78333333333333, 73.95, 0.0, 73.95, 73.95, 73.95, 73.95, 0.0, 0.0, 0.0, 0.0, 73.95, 0.0, 0.0, 0.0, 73.95, 73.95, 73.95, 73.95, 0.0, 0.0, 0.0, 0.0, 73.95, 0.0, 0.0, 72.66666666666667, 71.85, 73.46666666666667, 73.95, 73.45, 71.85, 73.95, 73.78333333333333, 62.666666666666664, 71.71666666666667, 73.78333333333333, 73.95, 0.0], [0.0, 72.66666666666667, 71.85, 73.46666666666667, 73.95, 73.45, 71.85, 73.95, 73.78333333333333, 62.666666666666664, 71.71666666666667, 73.78333333333333, 73.95, 0.0, 73.95, 73.95, 73.95, 73.95, 0.0, 0.0, 0.0, 0.0, 73.95, 0.0, 0.0, 0.0, 73.95, 73.95, 73.95, 73.95, 0.0, 0.0, 0.0, 0.0, 73.95, 0.0, 0.0, 72.66666666666667, 71.85, 73.46666666666667, 73.95, 73.45, 71.85, 73.95, 73.78333333333333, 62.666666666666664, 71.71666666666667, 73.78333333333333, 73.95, 0.0], [0.0, 72.66666666666667, 71.85, 73.46666666666667, 73.95, 73.45, 71.85, 73.95, 73.78333333333333, 62.666666666666664, 71.71666666666667, 73.78333333333333, 73.95, 0.0, 73.95, 73.95, 73.95, 73.95, 0.0, 0.0, 0.0, 0.0, 73.95, 0.0, 0.0, 0.0, 73.95, 73.95, 73.95, 73.95, 0.0, 0.0, 0.0, 0.0, 73.95, 0.0, 0.0, 72.66666666666667, 71.85, 73.46666666666667, 73.95, 73.45, 71.85, 73.95, 73.78333333333333, 62.666666666666664, 71.71666666666667, 73.78333333333333, 73.95, 0.0], [0.0, 1.2666666666666666, 2.1, 0.48333333333333334, 0.0, 0.48333333333333334, 2.1, 0.0, 0.16666666666666666, 11.266666666666667, 2.216666666666667, 0.16666666666666666, 0.0, 73.96666666666667, 0.0, 0.0, 0.0, 0.0, 73.96666666666667, 73.96666666666667, 73.96666666666667, 73.96666666666667, 0.0, 73.96666666666667, 73.96666666666667, 73.96666666666667, 0.0, 0.0, 0.0, 0.0, 73.96666666666667, 73.96666666666667, 73.96666666666667, 73.96666666666667, 0.0, 73.96666666666667, 73.96666666666667, 1.2666666666666666, 2.1, 0.48333333333333334, 0.0, 0.48333333333333334, 2.1, 0.0, 0.16666666666666666, 11.266666666666667, 2.216666666666667, 0.16666666666666666, 0.0, 0.0], [0.0, 1.2666666666666666, 2.1, 0.48333333333333334, 0.0, 0.48333333333333334, 2.1, 0.0, 0.16666666666666666, 11.266666666666667, 2.216666666666667, 0.16666666666666666, 0.0, 73.96666666666667, 0.0, 0.0, 0.0, 0.0, 73.96666666666667, 73.96666666666667, 73.96666666666667, 73.96666666666667, 0.0, 73.96666666666667, 73.96666666666667, 73.96666666666667, 0.0, 0.0, 0.0, 0.0, 73.96666666666667, 73.96666666666667, 73.96666666666667, 73.96666666666667, 0.0, 73.96666666666667, 73.96666666666667, 1.2666666666666666, 2.1, 0.48333333333333334, 0.0, 0.48333333333333334, 2.1, 0.0, 0.16666666666666666, 11.266666666666667, 2.216666666666667, 0.16666666666666666, 0.0, 0.0], [0.0, 1.2666666666666666, 2.1, 0.48333333333333334, 0.0, 0.48333333333333334, 2.1, 0.0, 0.16666666666666666, 11.266666666666667, 2.216666666666667, 0.16666666666666666, 0.0, 73.96666666666667, 0.0, 0.0, 0.0, 0.0, 73.96666666666667, 73.96666666666667, 73.96666666666667, 73.96666666666667, 0.0, 73.96666666666667, 73.96666666666667, 73.96666666666667, 0.0, 0.0, 0.0, 0.0, 73.96666666666667, 73.96666666666667, 73.96666666666667, 73.96666666666667, 0.0, 73.96666666666667, 73.96666666666667, 1.2666666666666666, 2.1, 0.48333333333333334, 0.0, 0.48333333333333334, 2.1, 0.0, 0.16666666666666666, 11.266666666666667, 2.216666666666667, 0.16666666666666666, 0.0, 0.0], [0.0, 1.2666666666666666, 2.1, 0.48333333333333334, 0.0, 0.48333333333333334, 2.1, 0.0, 0.16666666666666666, 11.266666666666667, 2.216666666666667, 0.16666666666666666, 0.0, 73.96666666666667, 0.0, 0.0, 0.0, 0.0, 73.96666666666667, 73.96666666666667, 73.96666666666667, 73.96666666666667, 0.0, 73.96666666666667, 73.96666666666667, 73.96666666666667, 0.0, 0.0, 0.0, 0.0, 73.96666666666667, 73.96666666666667, 73.96666666666667, 73.96666666666667, 0.0, 73.96666666666667, 73.96666666666667, 1.2666666666666666, 2.1, 0.48333333333333334, 0.0, 0.48333333333333334, 2.1, 0.0, 0.16666666666666666, 11.266666666666667, 2.216666666666667, 0.16666666666666666, 0.0, 0.0], [0.0, 72.66666666666667, 71.85, 73.46666666666667, 73.95, 73.45, 71.85, 73.95, 73.78333333333333, 62.666666666666664, 71.71666666666667, 73.78333333333333, 73.95, 0.0, 73.95, 73.95, 73.95, 73.95, 0.0, 0.0, 0.0, 0.0, 73.95, 0.0, 0.0, 0.0, 73.95, 73.95, 73.95, 73.95, 0.0, 0.0, 0.0, 0.0, 73.95, 0.0, 0.0, 72.66666666666667, 71.85, 73.46666666666667, 73.95, 73.45, 71.85, 73.95, 73.78333333333333, 62.666666666666664, 71.71666666666667, 73.78333333333333, 73.95, 0.0], [0.0, 72.66666666666667, 71.85, 73.46666666666667, 73.95, 73.45, 71.85, 73.95, 73.78333333333333, 62.666666666666664, 71.71666666666667, 73.78333333333333, 73.95, 0.0, 73.95, 73.95, 73.95, 73.95, 0.0, 0.0, 0.0, 0.0, 73.95, 0.0, 0.0, 0.0, 73.95, 73.95, 73.95, 73.95, 0.0, 0.0, 0.0, 0.0, 73.95, 0.0, 0.0, 72.66666666666667, 71.85, 73.46666666666667, 73.95, 73.45, 71.85, 73.95, 73.78333333333333, 62.666666666666664, 71.71666666666667, 73.78333333333333, 73.95, 0.0], [0.0, 72.66666666666667, 71.85, 73.46666666666667, 73.95, 73.45, 71.85, 73.95, 73.78333333333333, 62.666666666666664, 71.71666666666667, 73.78333333333333, 73.95, 0.0, 73.95, 73.95, 73.95, 73.95, 0.0, 0.0, 0.0, 0.0, 73.95, 0.0, 0.0, 0.0, 73.95, 73.95, 73.95, 73.95, 0.0, 0.0, 0.0, 0.0, 73.95, 0.0, 0.0, 72.66666666666667, 71.85, 73.46666666666667, 73.95, 73.45, 71.85, 73.95, 73.78333333333333, 62.666666666666664, 71.71666666666667, 73.78333333333333, 73.95, 0.0], [0.0, 72.66666666666667, 71.85, 73.46666666666667, 73.95, 73.45, 71.85, 73.95, 73.78333333333333, 62.666666666666664, 71.71666666666667, 73.78333333333333, 73.95, 0.0, 73.95, 73.95, 73.95, 73.95, 0.0, 0.0, 0.0, 0.0, 73.95, 0.0, 0.0, 0.0, 73.95, 73.95, 73.95, 73.95, 0.0, 0.0, 0.0, 0.0, 73.95, 0.0, 0.0, 72.66666666666667, 71.85, 73.46666666666667, 73.95, 73.45, 71.85, 73.95, 73.78333333333333, 62.666666666666664, 71.71666666666667, 73.78333333333333, 73.95, 0.0], [0.0, 1.2666666666666666, 2.1, 0.48333333333333334, 0.0, 0.48333333333333334, 2.1, 0.0, 0.16666666666666666, 11.266666666666667, 2.216666666666667, 0.16666666666666666, 0.0, 73.96666666666667, 0.0, 0.0, 0.0, 0.0, 73.96666666666667, 73.96666666666667, 73.96666666666667, 73.96666666666667, 0.0, 73.96666666666667, 73.96666666666667, 73.96666666666667, 0.0, 0.0, 0.0, 0.0, 73.96666666666667, 73.96666666666667, 73.96666666666667, 73.96666666666667, 0.0, 73.96666666666667, 73.96666666666667, 1.2666666666666666, 2.1, 0.48333333333333334, 0.0, 0.48333333333333334, 2.1, 0.0, 0.16666666666666666, 11.266666666666667, 2.216666666666667, 0.16666666666666666, 0.0, 0.0], [0.0, 72.66666666666667, 71.85, 73.46666666666667, 73.95, 73.45, 71.85, 73.95, 73.78333333333333, 62.666666666666664, 71.71666666666667, 73.78333333333333, 73.95, 0.0, 73.95, 73.95, 73.95, 73.95, 0.0, 0.0, 0.0, 0.0, 73.95, 0.0, 0.0, 0.0, 73.95, 73.95, 73.95, 73.95, 0.0, 0.0, 0.0, 0.0, 73.95, 0.0, 0.0, 72.66666666666667, 71.85, 73.46666666666667, 73.95, 73.45, 71.85, 73.95, 73.78333333333333, 62.666666666666664, 71.71666666666667, 73.78333333333333, 73.95, 0.0], [0.0, 72.66666666666667, 71.85, 73.46666666666667, 73.95, 73.45, 71.85, 73.95, 73.78333333333333, 62.666666666666664, 71.71666666666667, 73.78333333333333, 73.95, 0.0, 73.95, 73.95, 73.95, 73.95, 0.0, 0.0, 0.0, 0.0, 73.95, 0.0, 0.0, 0.0, 73.95, 73.95, 73.95, 73.95, 0.0, 0.0, 0.0, 0.0, 73.95, 0.0, 0.0, 72.66666666666667, 71.85, 73.46666666666667, 73.95, 73.45, 71.85, 73.95, 73.78333333333333, 62.666666666666664, 71.71666666666667, 73.78333333333333, 73.95, 0.0], [0.0, 0.0, 0.8166666666666667, 0.7833333333333333, 1.2666666666666666, 0.7666666666666667, 0.8166666666666667, 1.2666666666666666, 1.1, 10.0, 0.95, 1.1, 1.2666666666666666, 72.7, 1.2666666666666666, 1.2666666666666666, 1.2666666666666666, 1.2666666666666666, 72.7, 72.7, 72.7, 72.7, 1.2666666666666666, 72.7, 72.7, 72.7, 1.2666666666666666, 1.2666666666666666, 1.2666666666666666, 1.2666666666666666, 72.7, 72.7, 72.7, 72.7, 1.2666666666666666, 72.7, 72.7, 0.0, 0.8166666666666667, 0.7833333333333333, 1.2666666666666666, 0.7666666666666667, 0.8166666666666667, 1.2666666666666666, 1.1, 10.0, 0.95, 1.1, 1.2666666666666666, 0.0], [0.0, 0.8166666666666667, 0.0, 1.6, 2.1, 1.6, 0.0, 2.1, 1.9166666666666667, 9.166666666666666, 0.11666666666666667, 1.9166666666666667, 2.1, 71.86666666666666, 2.1, 2.1, 2.1, 2.1, 71.86666666666666, 71.86666666666666, 71.86666666666666, 71.86666666666666, 2.1, 71.86666666666666, 71.86666666666666, 71.86666666666666, 2.1, 2.1, 2.1, 2.1, 71.86666666666666, 71.86666666666666, 71.86666666666666, 71.86666666666666, 2.1, 71.86666666666666, 71.86666666666666, 0.8166666666666667, 0.0, 1.6, 2.1, 1.6, 0.0, 2.1, 1.9166666666666667, 9.166666666666666, 0.11666666666666667, 1.9166666666666667, 2.1, 0.0], [0.0, 0.7833333333333333, 1.6, 0.0, 0.48333333333333334, 0.0, 1.6, 0.48333333333333334, 0.31666666666666665, 10.783333333333333, 1.7333333333333334, 0.31666666666666665, 0.48333333333333334, 73.48333333333333, 0.48333333333333334, 0.48333333333333334, 0.48333333333333334, 0.48333333333333334, 73.48333333333333, 73.48333333333333, 73.48333333333333, 73.48333333333333, 0.48333333333333334, 73.48333333333333, 73.48333333333333, 73.48333333333333, 0.48333333333333334, 0.48333333333333334, 0.48333333333333334, 0.48333333333333334, 73.48333333333333, 73.48333333333333, 73.48333333333333, 73.48333333333333, 0.48333333333333334, 73.48333333333333, 73.48333333333333, 0.7833333333333333, 1.6, 0.0, 0.48333333333333334, 0.0, 1.6, 0.48333333333333334, 0.31666666666666665, 10.783333333333333, 1.7333333333333334, 0.31666666666666665, 0.48333333333333334, 0.0], [0.0, 1.2666666666666666, 2.1, 0.48333333333333334, 0.0, 0.48333333333333334, 2.1, 0.0, 0.16666666666666666, 11.266666666666667, 2.216666666666667, 0.16666666666666666, 0.0, 73.96666666666667, 0.0, 0.0, 0.0, 0.0, 73.96666666666667, 73.96666666666667, 73.96666666666667, 73.96666666666667, 0.0, 73.96666666666667, 73.96666666666667, 73.96666666666667, 0.0, 0.0, 0.0, 0.0, 73.96666666666667, 73.96666666666667, 73.96666666666667, 73.96666666666667, 0.0, 73.96666666666667, 73.96666666666667, 1.2666666666666666, 2.1, 0.48333333333333334, 0.0, 0.48333333333333334, 2.1, 0.0, 0.16666666666666666, 11.266666666666667, 2.216666666666667, 0.16666666666666666, 0.0, 0.0], [0.0, 0.7666666666666667, 1.6, 0.0, 0.48333333333333334, 0.0, 1.6, 0.48333333333333334, 0.31666666666666665, 10.783333333333333, 1.7333333333333334, 0.31666666666666665, 0.48333333333333334, 73.48333333333333, 0.48333333333333334, 0.48333333333333334, 0.48333333333333334, 0.48333333333333334, 73.48333333333333, 73.48333333333333, 73.48333333333333, 73.48333333333333, 0.48333333333333334, 73.48333333333333, 73.48333333333333, 73.48333333333333, 0.48333333333333334, 0.48333333333333334, 0.48333333333333334, 0.48333333333333334, 73.48333333333333, 73.48333333333333, 73.48333333333333, 73.48333333333333, 0.48333333333333334, 73.48333333333333, 73.48333333333333, 0.7666666666666667, 1.6, 0.0, 0.48333333333333334, 0.0, 1.6, 0.48333333333333334, 0.31666666666666665, 10.783333333333333, 1.7333333333333334, 0.31666666666666665, 0.48333333333333334, 0.0], [0.0, 0.8166666666666667, 0.0, 1.6, 2.1, 1.6, 0.0, 2.1, 1.9166666666666667, 9.166666666666666, 0.11666666666666667, 1.9166666666666667, 2.1, 71.86666666666666, 2.1, 2.1, 2.1, 2.1, 71.86666666666666, 71.86666666666666, 71.86666666666666, 71.86666666666666, 2.1, 71.86666666666666, 71.86666666666666, 71.86666666666666, 2.1, 2.1, 2.1, 2.1, 71.86666666666666, 71.86666666666666, 71.86666666666666, 71.86666666666666, 2.1, 71.86666666666666, 71.86666666666666, 0.8166666666666667, 0.0, 1.6, 2.1, 1.6, 0.0, 2.1, 1.9166666666666667, 9.166666666666666, 0.11666666666666667, 1.9166666666666667, 2.1, 0.0], [0.0, 1.2666666666666666, 2.1, 0.48333333333333334, 0.0, 0.48333333333333334, 2.1, 0.0, 0.16666666666666666, 11.266666666666667, 2.216666666666667, 0.16666666666666666, 0.0, 73.96666666666667, 0.0, 0.0, 0.0, 0.0, 73.96666666666667, 73.96666666666667, 73.96666666666667, 73.96666666666667, 0.0, 73.96666666666667, 73.96666666666667, 73.96666666666667, 0.0, 0.0, 0.0, 0.0, 73.96666666666667, 73.96666666666667, 73.96666666666667, 73.96666666666667, 0.0, 73.96666666666667, 73.96666666666667, 1.2666666666666666, 2.1, 0.48333333333333334, 0.0, 0.48333333333333334, 2.1, 0.0, 0.16666666666666666, 11.266666666666667, 2.216666666666667, 0.16666666666666666, 0.0, 0.0], [0.0, 1.1, 1.9166666666666667, 0.31666666666666665, 0.16666666666666666, 0.31666666666666665, 1.9166666666666667, 0.16666666666666666, 0.0, 11.1, 2.05, 0.0, 0.16666666666666666, 73.8, 0.16666666666666666, 0.16666666666666666, 0.16666666666666666, 0.16666666666666666, 73.8, 73.8, 73.8, 73.8, 0.16666666666666666, 73.8, 73.8, 73.8, 0.16666666666666666, 0.16666666666666666, 0.16666666666666666, 0.16666666666666666, 73.8, 73.8, 73.8, 73.8, 0.16666666666666666, 73.8, 73.8, 1.1, 1.9166666666666667, 0.31666666666666665, 0.16666666666666666, 0.31666666666666665, 1.9166666666666667, 0.16666666666666666, 0.0, 11.1, 2.05, 0.0, 0.16666666666666666, 0.0], [0.0, 10.0, 9.166666666666666, 10.783333333333333, 11.266666666666667, 10.783333333333333, 9.166666666666666, 11.266666666666667, 11.1, 0.0, 9.033333333333333, 11.1, 11.266666666666667, 62.68333333333333, 11.266666666666667, 11.266666666666667, 11.266666666666667, 11.266666666666667, 62.68333333333333, 62.68333333333333, 62.68333333333333, 62.68333333333333, 11.266666666666667, 62.68333333333333, 62.68333333333333, 62.68333333333333, 11.266666666666667, 11.266666666666667, 11.266666666666667, 11.266666666666667, 62.68333333333333, 62.68333333333333, 62.68333333333333, 62.68333333333333, 11.266666666666667, 62.68333333333333, 62.68333333333333, 10.0, 9.166666666666666, 10.783333333333333, 11.266666666666667, 10.783333333333333, 9.166666666666666, 11.266666666666667, 11.1, 0.0, 9.033333333333333, 11.1, 11.266666666666667, 0.0], [0.0, 0.95, 0.11666666666666667, 1.7333333333333334, 2.216666666666667, 1.7333333333333334, 0.11666666666666667, 2.216666666666667, 2.05, 9.033333333333333, 0.0, 2.05, 2.216666666666667, 71.73333333333333, 2.216666666666667, 2.216666666666667, 2.216666666666667, 2.216666666666667, 71.73333333333333, 71.73333333333333, 71.73333333333333, 71.73333333333333, 2.216666666666667, 71.73333333333333, 71.73333333333333, 71.73333333333333, 2.216666666666667, 2.216666666666667, 2.216666666666667, 2.216666666666667, 71.73333333333333, 71.73333333333333, 71.73333333333333, 71.73333333333333, 2.216666666666667, 71.73333333333333, 71.73333333333333, 0.95, 0.11666666666666667, 1.7333333333333334, 2.216666666666667, 1.7333333333333334, 0.11666666666666667, 2.216666666666667, 2.05, 9.033333333333333, 0.0, 2.05, 2.216666666666667, 0.0], [0.0, 1.1, 1.9166666666666667, 0.31666666666666665, 0.16666666666666666, 0.31666666666666665, 1.9166666666666667, 0.16666666666666666, 0.0, 11.1, 2.05, 0.0, 0.16666666666666666, 73.8, 0.16666666666666666, 0.16666666666666666, 0.16666666666666666, 0.16666666666666666, 73.8, 73.8, 73.8, 73.8, 0.16666666666666666, 73.8, 73.8, 73.8, 0.16666666666666666, 0.16666666666666666, 0.16666666666666666, 0.16666666666666666, 73.8, 73.8, 73.8, 73.8, 0.16666666666666666, 73.8, 73.8, 1.1, 1.9166666666666667, 0.31666666666666665, 0.16666666666666666, 0.31666666666666665, 1.9166666666666667, 0.16666666666666666, 0.0, 11.1, 2.05, 0.0, 0.16666666666666666, 0.0], [0.0, 1.2666666666666666, 2.1, 0.48333333333333334, 0.0, 0.48333333333333334, 2.1, 0.0, 0.16666666666666666, 11.266666666666667, 2.216666666666667, 0.16666666666666666, 0.0, 73.96666666666667, 0.0, 0.0, 0.0, 0.0, 73.96666666666667, 73.96666666666667, 73.96666666666667, 73.96666666666667, 0.0, 73.96666666666667, 73.96666666666667, 73.96666666666667, 0.0, 0.0, 0.0, 0.0, 73.96666666666667, 73.96666666666667, 73.96666666666667, 73.96666666666667, 0.0, 73.96666666666667, 73.96666666666667, 1.2666666666666666, 2.1, 0.48333333333333334, 0.0, 0.48333333333333334, 2.1, 0.0, 0.16666666666666666, 11.266666666666667, 2.216666666666667, 0.16666666666666666, 0.0, 0.0], [0.0, 0.0, 0.0, 0.0, 0.0, 0.0, 0.0, 0.0, 0.0, 0.0, 0.0, 0.0, 0.0, 0.0, 0.0, 0.0, 0.0, 0.0, 0.0, 0.0, 0.0, 0.0, 0.0, 0.0, 0.0, 0.0, 0.0, 0.0, 0.0, 0.0, 0.0, 0.0, 0.0, 0.0, 0.0, 0.0, 0.0, 0.0, 0.0, 0.0, 0.0, 0.0, 0.0, 0.0, 0.0, 0.0, 0.0, 0.0, 0.0, 0.0]], "T": [190, 190, 190, 190, 190, 190, 190, 190, 190, 190, 190, 190, 190, 190, 190, 190, 190, 190, 190, 190, 190, 190, 190, 190], "s": [0, 1, 1, 1, 1, 1, 1, 1, 1, 1, 1, 1, 1, 1, 1, 1, 1, 1, 1, 1, 1, 1, 1, 1, 1, 1, 1, 1, 1, 1, 1, 1, 1, 1, 1, 1, 1, 1, 1, 1, 1, 1, 1, 1, 1, 1, 1, 1, 1, 0], "e": [360.0, 286.0, 595.0, 549.0, 522.0, 332.0, 427.0, 482.0, 302.0, 671.0, 437.0, 690.0, 443.0, 636.0, 906.0, 863.0, 829.0, 643.0, 737.0, 778.0, 600.0, 976.0, 751.0, 983.0, 729.0, 466.0, 776.0, 730.0, 703.0, 513.0, 608.0, 663.0, 483.0, 852.0, 618.0, 871.0, 624.0, 709.6666666666666, 909.1, 864.4833333333333, 830.0, 644.4833333333333, 809.85, 852.95, 674.7833333333333, 1039.6666666666667, 754.2166666666667, 1057.7833333333333, 803.95, 0.0], "a": [null, [287.0, 302.0, 317.0, 332.0, 347.0, 362.0, 377.0, 392.0, 407.0, 422.0, 437.0], [607.0, 622.0, 637.0, 652.0, 667.0, 682.0, 697.0, 712.0, 727.0, 742.0, 757.0, 772.0, 787.0, 802.0, 817.0], [563.0, 578.0, 593.0, 608.0, 623.0, 638.0, 653.0, 668.0, 683.0, 698.0, 713.0, 728.0, 743.0, 758.0, 773.0], [522.0, 537.0, 552.0, 567.0, 582.0, 597.0, 612.0, 627.0, 642.0, 657.0, 672.0, 687.0, 702.0, 717.0, 732.0, 747.0], [346.0, 361.0, 376.0, 391.0, 406.0, 421.0, 436.0, 451.0, 466.0, 481.0, 496.0, 511.0, 526.0, 541.0, 556.0], [430.0, 445.0, 460.0, 475.0, 490.0, 505.0, 520.0, 535.0, 550.0, 565.0, 580.0], [483.0, 498.0, 513.0, 528.0, 543.0, 558.0, 573.0, 588.0, 603.0, 618.0, 633.0], [303.0, 318.0, 333.0, 348.0, 363.0, 378.0, 393.0, 408.0, 423.0, 438.0, 453.0], [683.0, 698.0, 713.0, 728.0, 743.0, 758.0, 773.0, 788.0, 803.0, 818.0, 833.0], [449.0, 464.0, 479.0, 494.0, 509.0, 524.0, 539.0, 554.0, 569.0, 584.0, 599.0, 614.0, 629.0, 644.0, 659.0], [691.0, 706.0, 721.0, 736.0, 751.0, 766.0, 781.0, 796.0, 811.0, 826.0, 841.0], [444.0, 459.0, 474.0, 489.0, 504.0, 519.0, 534.0, 549.0, 564.0, 579.0, 594.0], null, null, null, null, null, null, null, null, null, null, null, null, null, null, null, null, null, null, null, null, null, null, null, null, [712.0, 727.0, 742.0, 757.0, 772.0, 787.0, 802.0, 817.0, 832.0, 847.0, 862.0], [922.0, 937.0, 952.0, 967.0, 982.0, 997.0, 1012.0, 1027.0, 1042.0, 1057.0, 1072.0, 1087.0, 1102.0, 1117.0, 1132.0], [879.0, 894.0, 909.0, 924.0, 939.0, 954.0, 969.0, 984.0, 999.0, 1014.0, 1029.0, 1044.0, 1059.0, 1074.0, 1089.0], [830.0, 845.0, 860.0, 875.0, 890.0, 905.0, 920.0, 935.0, 950.0, 965.0, 980.0, 995.0, 1010.0, 1025.0, 1040.0, 1055.0], [659.0, 674.0, 689.0, 704.0, 719.0, 734.0, 749.0, 764.0, 779.0, 794.0, 809.0, 824.0, 839.0, 854.0, 869.0], [813.0, 828.0, 843.0, 858.0, 873.0, 888.0, 903.0, 918.0, 933.0, 948.0, 963.0], [854.0, 869.0, 884.0, 899.0, 914.0, 929.0, 944.0, 959.0, 974.0, 989.0, 1004.0], [676.0, 691.0, 706.0, 721.0, 736.0, 751.0, 766.0, 781.0, 796.0, 811.0, 826.0], [1052.0, 1067.0, 1082.0, 1097.0, 1112.0, 1127.0, 1142.0, 1157.0, 1172.0, 1187.0, 1202.0], [767.0, 782.0, 797.0, 812.0, 827.0, 842.0, 857.0, 872.0, 887.0, 902.0, 917.0, 932.0, 947.0, 962.0, 977.0], [1059.0, 1074.0, 1089.0, 1104.0, 1119.0, 1134.0, 1149.0, 1164.0, 1179.0, 1194.0, 1209.0], [805.0, 820.0, 835.0, 850.0, 865.0, 880.0, 895.0, 910.0, 925.0, 940.0, 955.0], null], "b": [null, [302.0, 317.0, 332.0, 347.0, 362.0, 377.0, 392.0, 407.0, 422.0, 437.0, 452.0], [622.0, 637.0, 652.0, 667.0, 682.0, 697.0, 712.0, 727.0, 742.0, 757.0, 772.0, 787.0, 802.0, 817.0, 832.0], [578.0, 593.0, 608.0, 623.0, 638.0, 653.0, 668.0, 683.0, 698.0, 713.0, 728.0, 743.0, 758.0, 773.0, 788.0], [537.0, 552.0, 567.0, 582.0, 597.0, 612.0, 627.0, 642.0, 657.0, 672.0, 687.0, 702.0, 717.0, 732.0, 747.0, 762.0], [361.0, 376.0, 391.0, 406.0, 421.0, 436.0, 451.0, 466.0, 481.0, 496.0, 511.0, 526.0, 541.0, 556.0, 571.0], [445.0, 460.0, 475.0, 490.0, 505.0, 520.0, 535.0, 550.0, 565.0, 580.0, 595.0], [498.0, 513.0, 528.0, 543.0, 558.0, 573.0, 588.0, 603.0, 618.0, 633.0, 648.0], [318.0, 333.0, 348.0, 363.0, 378.0, 393.0, 408.0, 423.0, 438.0, 453.0, 468.0], [698.0, 713.0, 728.0, 743.0, 758.0, 773.0, 788.0, 803.0, 818.0, 833.0, 848.0], [464.0, 479.0, 494.0, 509.0, 524.0, 539.0, 554.0, 569.0, 584.0, 599.0, 614.0, 629.0, 644.0, 659.0, 674.0], [706.0, 721.0, 736.0, 751.0, 766.0, 781.0, 796.0, 811.0, 826.0, 841.0, 856.0], [459.0, 474.0, 489.0, 504.0, 519.0, 534.0, 549.0, 564.0, 579.0, 594.0, 609.0], null, null, null, null, null, null, null, null, null, null, null, null, null, null, null, null, null, null, null, null, null, null, null, null, [727.0, 742.0, 757.0, 772.0, 787.0, 802.0, 817.0, 832.0, 847.0, 862.0, 877.0], [937.0, 952.0, 967.0, 982.0, 997.0, 1012.0, 1027.0, 1042.0, 1057.0, 1072.0, 1087.0, 1102.0, 1117.0, 1132.0, 1147.0], [894.0, 909.0, 924.0, 939.0, 954.0, 969.0, 984.0, 999.0, 1014.0, 1029.0, 1044.0, 1059.0, 1074.0, 1089.0, 1104.0], [845.0, 860.0, 875.0, 890.0, 905.0, 920.0, 935.0, 950.0, 965.0, 980.0, 995.0, 1010.0, 1025.0, 1040.0, 1055.0, 1070.0], [674.0, 689.0, 704.0, 719.0, 734.0, 749.0, 764.0, 779.0, 794.0, 809.0, 824.0, 839.0, 854.0, 869.0, 884.0], [828.0, 843.0, 858.0, 873.0, 888.0, 903.0, 918.0, 933.0, 948.0, 963.0, 978.0], [869.0, 884.0, 899.0, 914.0, 929.0, 944.0, 959.0, 974.0, 989.0, 1004.0, 1019.0], [691.0, 706.0, 721.0, 736.0, 751.0, 766.0, 781.0, 796.0, 811.0, 826.0, 841.0], [1067.0, 1082.0, 1097.0, 1112.0, 1127.0, 1142.0, 1157.0, 1172.0, 1187.0, 1202.0, 1217.0], [782.0, 797.0, 812.0, 827.0, 842.0, 857.0, 872.0, 887.0, 902.0, 917.0, 932.0, 947.0, 962.0, 977.0, 992.0], [1074.0, 1089.0, 1104.0, 1119.0, 1134.0, 1149.0, 1164.0, 1179.0, 1194.0, 1209.0, 1224.0], [820.0, 835.0, 850.0, 865.0, 880.0, 895.0, 910.0, 925.0, 940.0, 955.0, 970.0], null], "p": [null, [1.0, 0.0, 1.0, 2.0, 3.0, 4.0, 5.0, 6.0, 7.0, 8.0, 9.0], [14.0, 13.0, 12.0, 11.0, 10.0, 9.0, 8.0, 7.0, 6.0, 5.0, 4.0, 3.0, 2.0, 1.0, 0.0], [2.0, 1.0, 0.0, 1.0, 2.0, 3.0, 4.0, 5.0, 6.0, 7.0, 8.0, 9.0, 10.0, 11.0, 12.0], [8.0, 7.0, 6.0, 5.0, 4.0, 3.0, 2.0, 1.0, 0.0, 1.0, 2.0, 3.0, 4.0, 5.0, 6.0, 7.0], [3.0, 2.0, 1.0, 0.0, 1.0, 2.0, 3.0, 4.0, 5.0, 6.0, 7.0, 8.0, 9.0, 10.0, 11.0], [7.0, 6.0, 5.0, 4.0, 3.0, 2.0, 1.0, 0.0, 1.0, 2.0, 3.0], [0.0, 1.0, 2.0, 3.0, 4.0, 5.0, 6.0, 7.0, 8.0, 9.0, 10.0], [6.0, 5.0, 4.0, 3.0, 2.0, 1.0, 0.0, 1.0, 2.0, 3.0, 4.0], [2.0, 1.0, 0.0, 1.0, 2.0, 3.0, 4.0, 5.0, 6.0, 7.0, 8.0], [5.0, 4.0, 3.0, 2.0, 1.0, 0.0, 1.0, 2.0, 3.0, 4.0, 5.0, 6.0, 7.0, 8.0, 9.0], [8.0, 7.0, 6.0, 5.0, 4.0, 3.0, 2.0, 1.0, 0.0, 1.0, 2.0], [0.0, 1.0, 2.0, 3.0, 4.0, 5.0, 6.0, 7.0, 8.0, 9.0, 10.0], null, null, null, null, null, null, null, null, null, null, null, null, null, null, null, null, null, null, null, null, null, null, null, null, [8.0, 7.0, 6.0, 5.0, 4.0, 3.0, 2.0, 1.0, 0.0, 1.0, 2.0], [11.0, 10.0, 9.0, 8.0, 7.0, 6.0, 5.0, 4.0, 3.0, 2.0, 1.0, 0.0, 1.0, 2.0, 3.0], [11.0, 10.0, 9.0, 8.0, 7.0, 6.0, 5.0, 4.0, 3.0, 2.0, 1.0, 0.0, 1.0, 2.0, 3.0], [7.0, 6.0, 5.0, 4.0, 3.0, 2.0, 1.0, 0.0, 1.0, 2.0, 3.0, 4.0, 5.0, 6.0, 7.0, 8.0], [10.0, 9.0, 8.0, 7.0, 6.0, 5.0, 4.0, 3.0, 2.0, 1.0, 0.0, 1.0, 2.0, 3.0, 4.0], [7.0, 6.0, 5.0, 4.0, 3.0, 2.0, 1.0, 0.0, 1.0, 2.0, 3.0], [4.0, 3.0, 2.0, 1.0, 0.0, 1.0, 2.0, 3.0, 4.0, 5.0, 6.0], [6.0, 5.0, 4.0, 3.0, 2.0, 1.0, 0.0, 1.0, 2.0, 3.0, 4.0], [10.0, 9.0, 8.0, 7.0, 6.0, 5.0, 4.0, 3.0, 2.0, 1.0, 0.0], [5.0, 4.0, 3.0, 2.0, 1.0, 0.0, 1.0, 2.0, 3.0, 4.0, 5.0, 6.0, 7.0, 8.0, 9.0], [2.0, 1.0, 0.0, 1.0, 2.0, 3.0, 4.0, 5.0, 6.0, 7.0, 8.0], [8.0, 7.0, 6.0, 5.0, 4.0, 3.0, 2.0, 1.0, 0.0, 1.0, 2.0], null], "idx": [[0, 1], [0, 2], [0, 3], [0, 4], [0, 5], [0, 6], [0, 7], [0, 8], [0, 9], [0, 10], [0, 11], [0, 12], [0, 13], [0, 14], [0, 15], [0, 16], [0, 17], [0, 18], [0, 19], [0, 20], [0, 21], [0, 22], [0, 23], [0, 24], [1, 2], [1, 3], [1, 4], [1, 5], [1, 6], [1, 7], [1, 8], [1, 9], [1, 10], [1, 11], [1, 12], [1, 13], [1, 14], [1, 15], [1, 16], [1, 17], [1, 18], [1, 19], [1, 20], [1, 21], [1, 22], [1, 23], [1, 24], [1, 25], [1, 26], [1, 27], [1, 28], [1, 29], [1, 30], [1, 31], [1, 32], [1, 33], [1, 34], [1, 35], [1, 36], [1, 37], [1, 38], [1, 39], [1, 40], [1, 41], [1, 42], [1, 43], [1, 44], [1, 45], [1, 46], [1, 47], [1, 48], [2, 1], [2, 3], [2, 4], [2, 5], [2, 6], [2, 7], [2, 8], [2, 9], [2, 10], [2, 11], [2, 12], [2, 13], [2, 14], [2, 15], [2